function R = localRobinMass(deg)
switch deg 
    case 1
    R  = 1/24*[ ... 
          2      1      1  ;...
          1      2      1  ;...
          1      1      2  ;...
     ]; 
    case 2
    R  = 1/360*[ ... 
          6     -1     -1      0     -4      0  ;...
         -1      6     -1      0      0     -4  ;...
         -1     -1      6     -4      0      0  ;...
          0      0     -4     32     16     16  ;...
         -4      0      0     16     32     16  ;...
          0     -4      0     16     16     32  ;...
     ]; 
    case 3
    R  = 1/13440*[ ... 
         76     11     11     18      0     27     27      0     18     36  ;...
         11     76     11      0     18     18      0     27     27     36  ;...
         11     11     76     27     27      0     18     18      0     36  ;...
         18      0     27    540   -189   -135    -54   -135    270    162  ;...
          0     18     27   -189    540    270   -135    -54   -135    162  ;...
         27     18      0   -135    270    540   -189   -135    -54    162  ;...
         27      0     18    -54   -135   -189    540    270   -135    162  ;...
          0     27     18   -135    -54   -135    270    540   -189    162  ;...
         18     27      0    270   -135    -54   -135   -189    540    162  ;...
         36     36     36    162    162    162    162    162    162   1944  ;...
     ]; 
    case 4
    R  = 1/113400*[ ... 
        290    -27    -27    160    -80      0   -112    -12   -112      0    -80    160    160   -160   -160  ;...
        -27    290    -27      0    -80    160    160    -80      0   -112    -12   -112   -160    160   -160  ;...
        -27    -27    290   -112    -12   -112      0    -80    160    160    -80      0   -160   -160    160  ;...
        160      0   -112   2560  -1280    768    512     64    256    512   -960   1280   1280    256   -256  ;...
        -80    -80    -12  -1280   3168  -1280   -960     48     64     64     48   -960    384    384   -768  ;...
          0    160   -112    768  -1280   2560   1280   -960    512    256     64    512    256   1280   -256  ;...
       -112    160      0    512   -960   1280   2560  -1280    768    512     64    256   -256   1280    256  ;...
        -12    -80    -80     64     48   -960  -1280   3168  -1280   -960     48     64   -768    384    384  ;...
       -112      0    160    256     64    512    768  -1280   2560   1280   -960    512   -256    256   1280  ;...
          0   -112    160    512     64    256    512   -960   1280   2560  -1280    768    256   -256   1280  ;...
        -80    -12    -80   -960     48     64     64     48   -960  -1280   3168  -1280    384   -768    384  ;...
        160   -112      0   1280   -960    512    256     64    512    768  -1280   2560   1280   -256    256  ;...
        160   -160   -160   1280    384    256   -256   -768   -256    256    384   1280  10752  -1536  -1536  ;...
       -160    160   -160    256    384   1280   1280    384    256   -256   -768   -256  -1536  10752  -1536  ;...
       -160   -160    160   -256   -768   -256    256    384   1280   1280    384    256  -1536  -1536  10752  ;...
       ];
end
end