% November 19, 2022
%
% Added rule of degree 9
function quadRuleTtrh = quadRule3D
% Degree 3
quadRuleTtrh{3}.nodes = [0.3281633025163817   0.1080472498984286   0.3281633025163817 ...
    0.1080472498984286   0.3281633025163817   0.1080472498984286 ...
    0.015510092450854884 0.6758582503047142  ;
    0.3281633025163817   0.1080472498984286   0.3281633025163817 ...
    0.1080472498984286   0.015510092450854884 0.6758582503047142...
    0.3281633025163817   0.1080472498984286  ;
    0.3281633025163817   0.1080472498984286   0.015510092450854884 ...
    0.6758582503047142   0.3281633025163817   0.1080472498984286 ...
    0.3281633025163817   0.1080472498984286  ;
    0.015510092450854884 0.6758582503047142   0.3281633025163817 ...
    0.1080472498984286   0.3281633025163817   0.1080472498984286 ...
    0.3281633025163817   0.1080472498984286  ];

quadRuleTtrh{3}.weights = [0.1362178425370874 0.1137821574629126 0.1362178425370874...
    0.1137821574629126 0.1362178425370874 0.1137821574629126...
    0.1362178425370874 0.1137821574629126];

quadRuleTtrh{5}.nodes = [0.0927352503108912, 0.3108859192633006, 0.0927352503108912,...
    0.3108859192633006, 0.0927352503108912, 0.3108859192633006,...
    0.7217942490673264, 0.0673422422100982, 0.0455037041256496,...
    0.0455037041256496, 0.4544962958743504, 0.0455037041256496,...
    0.4544962958743504, 0.4544962958743504;
    0.0927352503108912, 0.3108859192633006, 0.0927352503108912,...
    0.3108859192633006, 0.7217942490673264, 0.0673422422100982,...
    0.0927352503108912, 0.3108859192633006, 0.0455037041256496,...
    0.4544962958743504, 0.0455037041256496, 0.4544962958743504,...
    0.0455037041256496, 0.4544962958743504;
    0.0927352503108912, 0.3108859192633006, 0.7217942490673264,...
    0.0673422422100982, 0.0927352503108912, 0.3108859192633006,...
    0.0927352503108912, 0.3108859192633006, 0.4544962958743504,...
    0.0455037041256496, 0.0455037041256496, 0.4544962958743504,...
    0.4544962958743504, 0.0455037041256496;
    0.7217942490673264, 0.0673422422100982, 0.0927352503108912,...
    0.3108859192633006, 0.0927352503108912, 0.3108859192633006,...
    0.0927352503108912, 0.3108859192633006, 0.4544962958743504,...
    0.4544962958743504, 0.4544962958743504, 0.0455037041256496,...
    0.0455037041256496, 0.0455037041256496];

quadRuleTtrh{5}.weights = [  0.073493043116362 , 0.1126879257180158, 0.073493043116362 , ...
    0.1126879257180158, 0.073493043116362 , 0.1126879257180158,...
    0.073493043116362 , 0.1126879257180158, 0.0425460207770815,...
    0.0425460207770815, 0.0425460207770815, 0.0425460207770815,...
    0.0425460207770815, 0.0425460207770815];


quadRuleTtrh{6}.nodes = [0.2146028712591517, 0.0406739585346113, 0.3223378901422757,...
        0.2146028712591517, 0.0406739585346113, 0.3223378901422757,...
        0.2146028712591517, 0.0406739585346113, 0.3223378901422757,...
        0.3561913862225449, 0.8779781243961661, 0.0329863295731729,...
        0.0636610018750175, 0.0636610018750175, 0.2696723314583159,...
        0.0636610018750175, 0.2696723314583159, 0.2696723314583159,...
        0.0636610018750175, 0.0636610018750175, 0.6030056647916491,...
        0.0636610018750175, 0.6030056647916491, 0.6030056647916491;
        0.2146028712591517, 0.0406739585346113, 0.3223378901422757,...
        0.2146028712591517, 0.0406739585346113, 0.3223378901422757,...
        0.3561913862225449, 0.8779781243961661, 0.0329863295731729,...
        0.2146028712591517, 0.0406739585346113, 0.3223378901422757,...
        0.0636610018750175, 0.2696723314583159, 0.0636610018750175,...
        0.2696723314583159, 0.0636610018750175, 0.6030056647916491,...
        0.0636610018750175, 0.6030056647916491, 0.0636610018750175,...
        0.6030056647916491, 0.0636610018750175, 0.2696723314583159;
       0.2146028712591517, 0.0406739585346113, 0.3223378901422757,...
        0.3561913862225449, 0.8779781243961661, 0.0329863295731729,...
        0.2146028712591517, 0.0406739585346113, 0.3223378901422757,...
        0.2146028712591517, 0.0406739585346113, 0.3223378901422757,...
        0.2696723314583159, 0.0636610018750175, 0.0636610018750175,...
        0.6030056647916491, 0.6030056647916491, 0.0636610018750175,...
        0.6030056647916491, 0.0636610018750175, 0.0636610018750175,...
        0.2696723314583159, 0.2696723314583159, 0.0636610018750175;
       0.3561913862225449, 0.8779781243961661, 0.0329863295731729,...
        0.2146028712591517, 0.0406739585346113, 0.3223378901422757,...
        0.2146028712591517, 0.0406739585346113, 0.3223378901422757,...
        0.2146028712591517, 0.0406739585346113, 0.3223378901422757,...
        0.6030056647916491, 0.6030056647916491, 0.6030056647916491,...
        0.0636610018750175, 0.0636610018750175, 0.0636610018750175,...
        0.2696723314583159, 0.2696723314583159, 0.2696723314583159,...
        0.0636610018750175, 0.0636610018750175, 0.0636610018750175];

 quadRuleTtrh{6}.weights = [0.0399227502581679, 0.0100772110553207, 0.0553571815436544,...
       0.0399227502581679, 0.0100772110553207, 0.0553571815436544,...
       0.0399227502581679, 0.0100772110553207, 0.0553571815436544,...
       0.0399227502581679, 0.0100772110553207, 0.0553571815436544,...
       0.0482142857142857, 0.0482142857142857, 0.0482142857142857,...
       0.0482142857142857, 0.0482142857142857, 0.0482142857142857,...
       0.0482142857142857, 0.0482142857142857, 0.0482142857142857,...
       0.0482142857142857, 0.0482142857142857, 0.0482142857142857];
   
   % Degree 7
